Training Accuracy: 0.7248322147651006
Test Accuracy: 0.6307692307692307
               Predicted Class                                             
                             1         2         3         5    6         7
Actual Class 1        0.292308  0.015385  0.015385  0.000000  0.0  0.000000
             2        0.107692  0.215385  0.015385  0.015385  0.0  0.000000
             3        0.015385  0.030769  0.030769  0.000000  0.0  0.000000
             5        0.000000  0.061538  0.000000  0.000000  0.0  0.000000
             6        0.015385  0.030769  0.000000  0.000000  0.0  0.000000
             7        0.000000  0.030769  0.015385  0.000000  0.0  0.092308
